function fx=falf2(x)
fx=1./(0.000277*x+1.16043*exp(8.9225e-005*x))+0.22;